20
15
8 15 5 14 7 9 1 4 10 6 3 12 13 2 11 
14
3 2 7 6 1 11 4 8 10 9 14 13 12 5 
15
8 4 5 14 9 6 11 1 12 2 10 3 13 7 15 
14
13 4 14 8 6 9 3 12 1 7 5 10 2 11 
15
5 2 8 9 6 12 4 14 10 11 7 13 15 1 3 
14
13 3 9 6 12 10 7 2 14 4 8 11 1 5 
14
12 7 1 10 14 6 11 4 8 9 5 13 2 3 
14
7 5 9 8 12 14 11 6 1 4 2 13 10 3 
15
6 14 3 1 13 9 8 5 11 7 10 2 15 4 12 
15
14 10 2 15 6 12 1 7 3 4 8 5 11 13 9 
15
13 10 11 6 12 2 14 5 1 15 4 7 9 3 8 
14
5 13 3 9 2 12 10 7 6 1 14 11 4 8 
14
5 13 4 3 1 9 8 2 12 14 11 6 10 7 
14
8 11 3 9 12 1 10 7 2 13 6 14 4 5 
15
9 7 6 14 1 12 3 11 5 10 13 15 8 4 2 
14
6 5 8 13 9 7 1 3 12 2 11 4 10 14 
15
9 14 13 1 6 12 15 11 3 5 10 4 8 2 7 
15
13 6 1 4 12 9 5 2 8 10 7 11 3 15 14 
14
11 2 9 3 14 1 8 5 6 13 4 7 12 10 
14
1 8 6 4 2 3 12 14 7 9 11 13 10 5 
