100
0 0 0 2
0 0 1 0
0 0 1 1
0 0 1 2
0 0 2 0
0 0 2 2
0 0 2 3
0 0 3 3
0 1 1 0
0 1 1 2
0 1 1 3
0 1 2 0
0 1 2 1
0 1 3 0
1 0 0 0
1 0 0 1
1 0 0 2
1 0 0 3
1 0 1 0
1 0 1 1
1 0 1 2
1 0 2 0
1 0 2 1
1 0 2 3
1 0 3 3
1 1 0 2
1 1 0 3
1 1 2 0
1 1 2 1
1 1 2 2
1 1 2 3
1 1 3 1
1 1 3 3
14 14 1 0
48 93 1 0
93 93 1 1
25 59 2 1
27 86 1 0
66 97 3 3
92 99 0 2
97 44 0 0
61 61 0 3
60 54 1 0
94 24 1 0
45 91 0 1
25 10 0 0
32 41 1 1
84 74 0 2
39 30 2 3
1 1 2 0
44 4 1 2
41 53 0 0
86 88 0 3
34 43 3 1
75 81 3 0
53 38 0 0
71 88 2 2
36 48 2 3
75 13 0 2
77 89 3 2
45 37 0 2
5 7 0 3
41 47 3 2
57 84 0 2
22 36 3 2
15 46 3 3
81 43 1 2
15 39 1 2
47 47 3 2
25 25 0 0
50 48 3 2
24 24 3 1
98 77 1 0
12 12 3 0
33 31 3 2
33 6 3 1
99 76 2 3
12 11 3 1
22 54 0 0
18 57 3 0
92 73 3 3
82 36 2 3
80 9 1 0
21 34 1 0
73 37 0 2
15 15 2 2
13 43 0 2
25 91 2 3
88 38 0 2
83 8 0 3
39 57 2 2
40 55 2 3
64 56 0 2
68 85 1 0
16 59 1 1
13 44 1 2
88 5 1 1
47 71 0 0
16 52 2 2
59 6 3 0
