1000 804
1 2
1 3
2 4
3 5
2 6
1 7
4 8
6 9
2 10
4 11
7 12
3 13
13 14
2 15
1 16
6 17
10 18
17 19
13 20
16 21
19 22
16 23
21 24
10 25
8 26
2 27
12 28
26 29
6 30
17 31
26 32
29 33
3 34
29 35
15 36
30 37
37 38
34 39
20 40
27 41
24 42
17 43
41 44
17 45
45 46
20 47
16 48
36 49
8 50
2 51
11 52
9 53
1 54
15 55
1 56
5 57
42 58
51 59
8 60
6 61
9 62
54 63
40 64
10 65
33 66
12 67
49 68
13 69
38 70
45 71
57 72
53 73
54 74
51 75
44 76
37 77
27 78
68 79
43 80
28 81
66 82
18 83
8 84
51 85
3 86
29 87
25 88
40 89
69 90
21 91
16 92
8 93
18 94
78 95
89 96
61 97
51 98
97 99
79 100
18 101
96 102
13 103
101 104
29 105
88 106
59 107
4 108
30 109
62 110
19 111
55 112
84 113
99 114
89 115
4 116
86 117
111 118
103 119
110 120
23 121
86 122
113 123
37 124
90 125
60 126
19 127
23 128
115 129
29 130
19 131
85 132
127 133
55 134
39 135
54 136
75 137
89 138
1 139
129 140
88 141
90 142
87 143
28 144
101 145
21 146
124 147
44 148
41 149
10 150
78 151
103 152
124 153
135 154
71 155
129 156
4 157
66 158
82 159
50 160
106 161
54 162
57 163
136 164
100 165
56 166
27 167
83 168
148 169
18 170
138 171
157 172
98 173
90 174
52 175
112 176
151 177
157 178
44 179
171 180
65 181
101 182
56 183
61 184
119 185
29 186
91 187
93 188
20 189
188 190
169 191
181 192
124 193
165 194
46 195
94 196
121 197
81 198
171 199
114 200
123 201
61 202
17 203
124 204
136 205
108 206
184 207
158 208
206 209
152 210
13 211
168 212
65 213
166 214
19 215
33 216
26 217
203 218
187 219
4 220
119 221
132 222
202 223
193 224
101 225
86 226
27 227
129 228
118 229
177 230
205 231
142 232
127 233
28 234
4 235
104 236
165 237
53 238
78 239
21 240
7 241
237 242
207 243
154 244
103 245
213 246
190 247
68 248
17 249
248 250
130 251
48 252
6 253
185 254
42 255
141 256
225 257
40 258
142 259
128 260
167 261
17 262
47 263
229 264
121 265
241 266
155 267
257 268
101 269
178 270
164 271
99 272
27 273
260 274
228 275
51 276
110 277
186 278
31 279
243 280
103 281
43 282
132 283
109 284
274 285
157 286
84 287
227 288
148 289
175 290
142 291
131 292
137 293
178 294
2 295
51 296
130 297
248 298
3 299
163 300
187 301
213 302
144 303
28 304
33 305
135 306
94 307
214 308
194 309
77 310
9 311
310 312
106 313
275 314
197 315
254 316
315 317
58 318
45 319
195 320
113 321
135 322
79 323
140 324
318 325
319 326
136 327
161 328
113 329
218 330
61 331
64 332
273 333
52 334
10 335
289 336
217 337
153 338
76 339
300 340
202 341
75 342
261 343
151 344
237 345
2 346
262 347
236 348
40 349
154 350
121 351
37 352
117 353
58 354
139 355
123 356
162 357
314 358
182 359
15 360
107 361
277 362
30 363
128 364
59 365
154 366
227 367
77 368
166 369
367 370
348 371
17 372
11 373
27 374
169 375
249 376
37 377
351 378
319 379
42 380
2 381
287 382
249 383
129 384
304 385
69 386
169 387
329 388
138 389
137 390
309 391
320 392
144 393
247 394
145 395
123 396
4 397
112 398
139 399
292 400
21 401
84 402
251 403
78 404
337 405
241 406
350 407
26 408
115 409
256 410
316 411
227 412
333 413
273 414
277 415
87 416
39 417
332 418
342 419
178 420
290 421
371 422
396 423
359 424
149 425
201 426
151 427
200 428
78 429
291 430
103 431
339 432
63 433
196 434
182 435
365 436
289 437
55 438
79 439
369 440
209 441
80 442
366 443
76 444
24 445
350 446
284 447
43 448
323 449
191 450
76 451
158 452
88 453
408 454
144 455
124 456
238 457
155 458
296 459
401 460
148 461
76 462
384 463
261 464
16 465
158 466
414 467
102 468
260 469
301 470
311 471
360 472
398 473
416 474
400 475
445 476
84 477
296 478
193 479
421 480
441 481
255 482
50 483
207 484
166 485
259 486
373 487
171 488
260 489
30 490
13 491
160 492
328 493
161 494
463 495
327 496
319 497
239 498
218 499
236 500
229 501
339 502
307 503
316 504
219 505
114 506
55 507
40 508
164 509
49 510
444 511
145 512
463 513
70 514
253 515
147 516
433 517
231 518
189 519
466 520
181 521
182 522
497 523
23 524
114 525
474 526
106 527
517 528
213 529
439 530
349 531
214 532
276 533
57 534
76 535
178 536
436 537
156 538
325 539
381 540
457 541
134 542
376 543
330 544
522 545
276 546
276 547
76 548
441 549
7 550
361 551
61 552
300 553
382 554
358 555
135 556
177 557
481 558
428 559
234 560
248 561
50 562
328 563
311 564
162 565
197 566
513 567
143 568
12 569
309 570
518 571
388 572
78 573
409 574
235 575
35 576
80 577
456 578
11 579
47 580
40 581
199 582
219 583
169 584
333 585
357 586
421 587
1 588
48 589
493 590
205 591
505 592
506 593
573 594
327 595
83 596
293 597
29 598
133 599
314 600
279 601
523 602
346 603
162 604
495 605
518 606
245 607
25 608
63 609
286 610
188 611
97 612
419 613
123 614
57 615
13 616
353 617
425 618
128 619
390 620
388 621
316 622
226 623
328 624
588 625
579 626
456 627
154 628
348 629
92 630
337 631
288 632
40 633
202 634
92 635
535 636
521 637
480 638
597 639
514 640
82 641
75 642
607 643
192 644
471 645
43 646
381 647
512 648
183 649
153 650
233 651
310 652
287 653
173 654
174 655
606 656
336 657
569 658
517 659
209 660
429 661
389 662
416 663
209 664
351 665
609 666
260 667
480 668
229 669
372 670
161 671
476 672
29 673
571 674
29 675
345 676
570 677
454 678
152 679
363 680
13 681
626 682
630 683
568 684
568 685
345 686
11 687
307 688
249 689
403 690
675 691
56 692
65 693
615 694
393 695
257 696
669 697
290 698
695 699
397 700
239 701
679 702
80 703
525 704
605 705
181 706
190 707
375 708
361 709
524 710
477 711
360 712
97 713
181 714
684 715
622 716
230 717
503 718
428 719
502 720
640 721
239 722
682 723
630 724
22 725
709 726
242 727
596 728
62 729
180 730
282 731
136 732
241 733
625 734
160 735
626 736
197 737
164 738
684 739
244 740
181 741
440 742
416 743
706 744
35 745
623 746
445 747
10 748
240 749
210 750
7 751
739 752
389 753
407 754
76 755
273 756
587 757
698 758
309 759
564 760
455 761
484 762
303 763
405 764
335 765
481 766
561 767
259 768
733 769
125 770
170 771
384 772
548 773
770 774
44 775
734 776
308 777
235 778
497 779
52 780
62 781
111 782
224 783
24 784
358 785
9 786
536 787
722 788
724 789
341 790
77 791
323 792
487 793
650 794
257 795
411 796
199 797
385 798
455 799
347 800
504 801
241 802
193 803
642 804
159 805
763 806
723 807
452 808
211 809
143 810
718 811
533 812
172 813
480 814
486 815
673 816
482 817
787 818
195 819
351 820
212 821
172 822
486 823
139 824
662 825
31 826
361 827
428 828
242 829
561 830
752 831
315 832
782 833
614 834
219 835
691 836
459 837
281 838
781 839
339 840
178 841
599 842
84 843
437 844
97 845
268 846
108 847
746 848
415 849
148 850
26 851
584 852
329 853
487 854
344 855
851 856
663 857
539 858
77 859
196 860
575 861
579 862
71 863
310 864
628 865
24 866
365 867
809 868
718 869
813 870
578 871
448 872
425 873
424 874
864 875
369 876
445 877
830 878
839 879
544 880
417 881
709 882
181 883
306 884
111 885
751 886
278 887
573 888
486 889
726 890
85 891
209 892
186 893
722 894
104 895
289 896
565 897
610 898
356 899
436 900
667 901
369 902
581 903
511 904
321 905
241 906
402 907
298 908
377 909
417 910
287 911
259 912
576 913
543 914
441 915
463 916
27 917
353 918
353 919
162 920
416 921
864 922
48 923
81 924
837 925
508 926
371 927
838 928
263 929
753 930
413 931
170 932
928 933
502 934
114 935
478 936
827 937
249 938
351 939
346 940
929 941
873 942
728 943
281 944
228 945
850 946
108 947
581 948
266 949
744 950
219 951
508 952
360 953
251 954
819 955
523 956
483 957
435 958
932 959
853 960
312 961
95 962
443 963
120 964
146 965
792 966
197 967
102 968
78 969
38 970
239 971
603 972
386 973
267 974
684 975
802 976
895 977
44 978
379 979
644 980
543 981
910 982
747 983
536 984
920 985
528 986
103 987
456 988
370 989
663 990
292 991
408 992
493 993
289 994
105 995
802 996
230 997
203 998
471 999
703 1000
781
160
969
71
137
638
441
807
256
653
577
815
359
936
637
838
619
98
768
519
627
341
398
609
374
664
785
406
760
521
580
343
222
772
593
176
285
679
525
919
424
202
533
395
558
908
335
681
146
730
677
367
716
270
650
967
909
911
798
282
901
100
728
70
764
59
183
206
853
105
581
220
368
216
240
749
30
184
130
923
140
545
21
575
510
734
241
538
534
756
396
412
480
507
863
763
737
570
364
2
717
774
674
131
279
497
45
491
803
940
145
925
922
564
899
91
147
478
393
903
16
64
156
80
435
446
988
231
89
529
576
348
562
40
573
602
420
349
218
536
983
817
227
457
248
271
458
877
547
906
238
483
579
51
962
170
139
194
690
154
124
782
427
32
700
648
173
952
691
443
603
505
934
599
29
96
693
61
826
578
375
974
938
852
246
633
360
540
783
823
55
630
54
549
882
266
722
79
979
151
277
382
272
107
394
900
997
998
232
479
843
583
33
425
945
127
884
329
990
565
209
297
844
546
219
608
165
391
752
915
47
11
620
117
703
948
152
315
113
856
744
353
685
389
643
463
269
560
36
150
56
304
308
278
60
986
418
180
543
739
515
634
372
1000
417
757
242
95
794
956
409
930
122
898
454
402
950
502
495
741
436
123
663
921
488
574
676
829
468
824
494
366
190
753
346
680
384
128
106
942
10
705
872
646
660
530
767
473
267
309
23
292
848
77
937
788
632
325
809
656
796
635
822
114
857
58
318
989
736
52
654
928
103
447
611
99
769
595
462
28
797
322
305
559
830
302
657
913
350
388
658
799
328
532
433
748
780
378
42
553
73
405
233
432
528
204
110
886
83
935
504
434
492
606
589
116
295
265
276
709
847
953
421
776
980
215
902
43
840
397
800
866
929
144
596
539
142
880
818
508
20
48
758
868
226
628
284
885
386
957
496
947
467
210
723
755
316
22
833
82
191
471
554
552
245
254
336
323
836
834
330
883
512
334
707
841
41
927
875
735
688
428
750
201
713
551
169
203
791
626
500
244
320
164
332
669
973
66
383
291
470
701
787
746
438
667
601
509
371
812
854
430
747
647
247
69
802
697
702
189
617
670
531
312
770
8
506
109
413
804
825
789
352
905
416
992
296
672
477
252
268
281
143
53
645
893
401
129
926
327
186
489
523
263
594
501
422
777
864
112
136
673
90
253
842
542
377
68
888
975
526
319
153
649
949
600
414
288
298
615
668
385
264
141
17
729
725
449
715
101
118
456
321
260
213
408
230
280
859
148
63
839
827
541
255
773
786
476
665
75
15
641
520
524
474
50
410
5
251
513
299
259
193
706
894
751
76
236
661
731
943
792
407
337
582
181
400
590
878
452
86
592
373
754
907
814
9
338
557
111
333
355
331
451
235
806
18
347
381
821
613
995
499
88
623
493
959
720
482
487
46
784
920
977
719
167
223
214
978
984
954
710
92
621
39
695
686
135
163
671
94
740
845
790
708
849
426
211
57
831
941
629
968
120
761
171
484
262
119
704
762
917
586
185
121
345
869
644
960
286
873
991
313
631
622
616
344
563
771
339
835
666
132
257
569
300
293
453
3
62
999
914
390
212
610
379
403
858
460
35
289
161
503
912
585
498
636
25
481
678
44
743
972
311
624
946
464
290
445
13
874
74
970
766
149
423
699
684
651
361
889
571
261
819
955
134
924
944
982
34
26
399
419
604
155
865
897
696
429
640
7
535
195
133
718
976
556
662
993
326
518
591
177
162
198
567
605
587
243
273
250
522
37
85
712
287
765
431
612
745
4
387
808
283
6
711
614
303
566
861
561
855
138
229
