95 32 3
907116035 238466937 415425936 358418969 759597568 74211692 607239718 288899050 960795201 779943014 171816425 168396099 124248150 625542436 521740671 279282136 337568800 7386616 381166950 900707726 278494488 947494774 325585794 529667333 987298058 472558786 180758101 249157274 317749363 303217060 727547093 194129344 735474145 971101444 245930847 587227107 292515253 89014770 419156933 33125947 548762720 456326202 175150917 915632983 937081809 752168618 264020423 354371826 33402837 611159067 775843052 830245868 143966388 620913383 977700939 348960911 876059396 324106358 822458451 460137201 977412660 251517552 349200715 430428526 419452598 371273161 267297177 758891333 901150297 458686026 809214186 300323789 841367688 409587567 92374023 719899506 97959109 807553418 358916778 180547743 970111477 16738788 89471095 598029893 244338355 164573104 711209620 418771249 262508933 106844969 765036512 699102911 702423042 202082292 209733659 
21
69
93
95
28
3
25
36
62
60
18
15
6
48
67
18
26
30
39
56
78
10
27
70
12
23
77
33
36
25
53
57
87
81
74
17
6
72
17
86
8
54
77
48
48
23
83
59
59
63
44
26
76
16
33
38
2
56
3
41
71
48
6
69
88
72
72
90
42
69
95
75
75
79
22
67
9
1
1
53
48
35
83
80
85
21
63
42
51
6
68
46
25
76
17
